0,318
0,317
24,8
24,7
24,6
24,5
24,4
0,316
0,283
0,243
24,3
24,2
24,1
24,0
23,37
23,36
17,2
17,1
17,3
15,2
15,1
15,3
16,2
16,1
16,3
2,2
2,1
2,3
13,2
14,2
4,25
4,16
4,40
4,17
4,4
4,86
4,19
4,8
4,18
4,77
4,74
4,1
4,64
4,2
4,3
6,8
6,4
6,6
6,1
6,5
6,2
6,3
7,10
7,7
7,4
7,13
7,1
7,5
7,2
7,3
5,4
5,2
5,1
5,3
23,35
3,2
3,1
3,3
10,182
10,148
10,306
10,312
10,134
10,252
10,138
12,2
12,1
12,3
20,2
20,1
20,3
19,2
19,1
19,3
11,30
11,29
11,28
11,27
11,26
11,25
11,24
11,23
11,22
11,21
11,20
11,19
11,18
11,17
11,16
11,15
11,14
11,13
11,12
11,11
11,10
11,9
11,8
11,7
11,6
11,5
11,4
